   1.3213377e-01   7.1011250e-02   6.9936562e-02   3.0459805e-01   3.7426259e-01   1.1517617e-01   5.8617768e-01   1.9738352e-01   1.9236088e-01   7.0497913e-02
   7.1945653e-01   8.1356424e-02   3.4350995e-02   2.8988505e-02   2.3735040e-01   3.3750249e-02   9.9420474e-02   8.9801931e-02   2.4619181e-01   4.1849791e-02
   3.9520207e-02   2.1916919e-01   3.9350555e-03   5.0357622e-02   2.6865994e-01   5.9136752e-01   1.2228541e-01   6.6868585e-01   4.3584196e-01   2.5838781e-01
   4.8274941e-01   4.4331171e-01   7.2376114e-01   1.2180148e-02   4.0813598e-01   1.5363348e-01   2.8236558e-01   3.7511217e-03   1.0387303e-01   3.3960673e-01
   1.0474951e-01   1.2194515e-01   5.5473243e-01   1.4136460e-02   7.5086914e-02   5.8411689e-02   8.5931650e-02   3.9980454e-02   6.2990608e-01   4.1730080e-01
   5.8717562e-02   1.1717215e-01   6.5824484e-01   1.1204672e-01   3.7205781e-02   2.4382593e-01   1.2660085e-01   5.9143767e-02   5.2454649e-02   3.9796698e-02
   7.3237034e-02   2.2705200e-01   6.2747018e-02   6.0400911e-01   1.0690333e-01   3.2412416e-01   5.1550471e-01   1.2761302e-01   2.7901662e-01   2.8925175e-01
   3.5770377e-01   9.1219595e-01   1.5680556e-01   1.8382402e-01   7.9702632e-02   3.0636548e-01   1.3254362e-01   1.8372368e-01   4.7154691e-01   2.3975139e-01
   6.5992760e-01   6.1931227e-02   1.7033930e-01   5.2248929e-01   1.3045772e-01   2.1610823e-01   8.5875195e-02   3.9904045e-01   2.9683429e-01   9.7314618e-03
   7.2188289e-01   4.2474645e-01   1.3696107e-01   4.9931246e-03   1.8108898e-01   2.4888504e-02   1.5393726e-02   2.1341716e-01   4.6064967e-02   2.6795567e-01
