   2.1199847e+00   2.7730640e+00   1.9386429e+00   2.2467246e+00   1.9495918e+00   3.1058970e+00   2.9379145e+00   2.2266522e+00   2.5494008e+00   2.9462428e+00
   2.2645278e+00   1.6256166e+00   2.3396211e+00   2.2713693e+00   1.8685508e+00   1.6361022e+00   2.1975836e+00   1.6306740e+00   2.1081646e+00   2.9864788e+00
   3.1787952e+00   2.6066795e+00   3.2925307e+00   2.6650654e+00   1.9580301e+00   3.0038489e+00   2.5730823e+00   2.7557583e+00   2.8792833e+00   3.5108838e+00
   2.3832832e+00   1.9705119e+00   2.3182106e+00   2.3200218e+00   2.2502365e+00   2.5067755e+00   2.4985737e+00   2.5546505e+00   2.8257515e+00   3.6539215e+00
   3.2763861e+00   2.6133103e+00   2.6041008e+00   3.1468920e+00   2.1305592e+00   2.7378212e+00   3.3534957e+00   3.2916481e+00   2.9580662e+00   4.1211558e+00
   1.9560744e+00   2.4125363e+00   2.0208440e+00   1.8781974e+00   1.4517350e+00   2.7529626e+00   2.1706747e+00   1.9357455e+00   2.0490916e+00   2.3035140e+00
   2.8501697e+00   2.6274963e+00   2.9518431e+00   2.1065646e+00   1.8005751e+00   2.8573329e+00   2.1846016e+00   2.2626798e+00   2.4057246e+00   3.1935992e+00
   2.4890199e+00   1.6736140e+00   2.6941374e+00   2.1137469e+00   1.9375706e+00   2.0144283e+00   1.9460156e+00   1.8376955e+00   2.2631667e+00   3.1288886e+00
   2.6738885e+00   2.8362240e+00   3.0589821e+00   2.3850695e+00   2.5414226e+00   3.3095811e+00   2.6929527e+00   1.9863953e+00   2.7589900e+00   3.4449900e+00
   2.2706786e+00   1.6893462e+00   2.4927968e+00   2.3298403e+00   2.1234025e+00   1.8773919e+00   2.3263079e+00   1.8100784e+00   2.3668482e+00   3.2500466e+00
